name: thesisCode
channels:
  - anaconda
  - conda-forge
  - defaults
dependencies:
  - ca-certificates=2018.03.07=0
  - certifi=2018.10.15=py36_0
  - mkl_fft=1.0.6=py36h7dd41cf_0
  - mkl_random=1.0.1=py36h4414c95_1
  - numpy=1.15.4=py36h1d66e8a_0
  - numpy-base=1.15.4=py36h81de0dd_0
  - openssl=1.0.2p=h14c3975_0
  - pandas=0.23.4=py36h04863e7_0
  - pytz=2018.7=py36_0
  - audioread=2.1.5=py36_0
  - bzip2=1.0.6=h470a237_2
  - cycler=0.10.0=py_1
  - dbus=1.13.0=h3a4f0e9_0
  - decorator=4.3.0=py_0
  - expat=2.2.5=hfc679d8_2
  - ffmpeg=2.8.6=hf82bc7d_7
  - fontconfig=2.13.1=h65d0f4c_0
  - freetype=2.9.1=h6debe1e_4
  - gettext=0.19.8.1=h5e8e0c9_1
  - glib=2.56.2=h464dc38_0
  - gst-plugins-base=1.12.5=hde13a9d_0
  - gstreamer=1.12.5=h5856ed1_0
  - icu=58.2=hfc679d8_0
  - joblib=0.12.5=py_0
  - jpeg=9c=h470a237_1
  - kiwisolver=1.0.1=py36h2d50403_2
  - libiconv=1.15=h470a237_3
  - libpng=1.6.35=ha92aebf_2
  - librosa=0.6.2=py_0
  - libuuid=2.32.1=h470a237_2
  - libxcb=1.13=h470a237_2
  - libxml2=2.9.8=h422b904_5
  - llvmlite=0.25.0=py36hd28b015_1
  - matplotlib=3.0.0=2
  - matplotlib-base=3.0.0=py36hc039c98_2
  - numba=0.40.0=py36hf8a1672_0
  - pcre=8.41=hfc679d8_3
  - pthread-stubs=0.4=h470a237_1
  - pyparsing=2.2.2=py_0
  - pyqt=5.6.0=py36h8210e8a_7
  - python-dateutil=2.7.3=py_0
  - qt=5.6.2=hf70d934_9
  - resampy=0.2.1=py_1
  - sip=4.18.1=py36hfc679d8_0
  - six=1.11.0=py36_1001
  - tornado=5.1.1=py36h470a237_0
  - x264=1!152.20180717=h470a237_1
  - xorg-libxau=1.0.8=h470a237_6
  - xorg-libxdmcp=1.1.2=h470a237_7
  - _tflow_select=2.1.0=gpu
  - absl-py=0.6.1=py36_0
  - astor=0.7.1=py36_0
  - backcall=0.1.0=py36_0
  - blas=1.0=mkl
  - bleach=1.5.0=py36_0
  - cudatoolkit=9.0=h13b8566_0
  - cudnn=7.1.2=cuda9.0_0
  - cupti=9.0.176=0
  - gast=0.2.0=py36_0
  - grpcio=1.12.1=py36hdbcaa40_0
  - h5py=2.8.0=py36h989c5e5_3
  - hdf5=1.10.2=hba1933b_1
  - html5lib=0.9999999=py36_0
  - intel-openmp=2019.0=118
  - ipykernel=5.1.0=py36h39e3cac_0
  - ipython=7.1.1=py36h39e3cac_0
  - ipython_genutils=0.2.0=py36_0
  - jedi=0.13.1=py36_0
  - jupyter_client=5.2.3=py36_0
  - jupyter_core=4.4.0=py36_0
  - keras-applications=1.0.6=py36_0
  - keras-preprocessing=1.0.5=py36_0
  - libedit=3.1.20170329=h6b74fdf_2
  - libffi=3.2.1=hd88cf55_4
  - libgcc-ng=8.2.0=hdf63c60_1
  - libgfortran-ng=7.3.0=hdf63c60_0
  - libprotobuf=3.6.1=hd408876_0
  - libsodium=1.0.16=h1bed415_0
  - libstdcxx-ng=8.2.0=hdf63c60_1
  - markdown=3.0.1=py36_0
  - mkl=2019.0=118
  - ncurses=6.1=hf484d3e_0
  - parso=0.3.1=py36_0
  - pexpect=4.6.0=py36_0
  - pickleshare=0.7.5=py36_0
  - pip=10.0.1=py36_0
  - prompt_toolkit=2.0.7=py36_0
  - protobuf=3.6.1=py36he6710b0_0
  - ptyprocess=0.6.0=py36_0
  - pygments=2.2.0=py36_0
  - python=3.6.5=hc3d631a_2
  - pyzmq=17.1.2=py36h14c3975_0
  - readline=7.0=h7b6447c_5
  - scikit-learn=0.20.0=py36h4989274_1
  - scipy=1.1.0=py36hfa4b5c9_1
  - setuptools=40.4.3=py36_0
  - sqlite=3.25.2=h7b6447c_0
  - tensorboard=1.7.0=py36hf484d3e_1
  - tensorflow=1.7.0=0
  - tensorflow-base=1.7.0=py36hdbcaa40_2
  - tensorflow-gpu=1.7.0=0
  - tensorflow-gpu-base=1.7.0=py36hcdda91b_1
  - termcolor=1.1.0=py36_1
  - tk=8.6.8=hbc83047_0
  - traitlets=4.3.2=py36_0
  - wcwidth=0.1.7=py36_0
  - werkzeug=0.14.1=py36_0
  - wheel=0.32.2=py36_0
  - xz=5.2.4=h14c3975_4
  - zeromq=4.2.5=hf484d3e_1
  - zlib=1.2.11=ha838bed_2
  - pip:
    - bitarray==0.8.3
    - cython==0.29
    - future==0.17.1
    - keras==2.2.4
    - nearpy==1.0.0
    - pyfftw==0.11.1
    - pyyaml==3.13
prefix: /home/akarp/anaconda3/envs/thesisCode

