name: thesisCode
channels:
  - conda-forge
  - defaults
dependencies:
  - audioread=2.1.5=py36_0
  - bzip2=1.0.6=1
  - cycler=0.10.0=py_1
  - decorator=4.3.0=py_0
  - ffmpeg=2.8.6=5
  - freetype=2.9.1=h6debe1e_4
  - joblib=0.12.5=py_0
  - kiwisolver=1.0.1=py36h2d50403_2
  - libiconv=1.15=h470a237_3
  - libpng=1.6.35=ha92aebf_2
  - librosa=0.6.2=py_0
  - llvmlite=0.23.0=py36_1
  - matplotlib=3.0.0=py36h45c993b_1
  - numba=0.38.1=py36_0
  - pyparsing=2.2.1=py_0
  - python-dateutil=2.7.3=py_0
  - resampy=0.2.1=py_1
  - six=1.11.0=py36_1
  - tornado=5.1.1=py36h470a237_0
  - x264=1!152.20180717=h470a237_1
  - appnope=0.1.0=py36hf537a9a_0
  - backcall=0.1.0=py36_0
  - blas=1.0=mkl
  - ca-certificates=2018.03.07=0
  - certifi=2018.8.24=py36_1
  - intel-openmp=2019.0=118
  - ipykernel=4.9.0=py36_1
  - ipython=6.5.0=py36_0
  - ipython_genutils=0.2.0=py36h241746c_0
  - jedi=0.12.1=py36_0
  - jupyter_client=5.2.3=py36_0
  - jupyter_core=4.4.0=py36_0
  - libcxx=4.0.1=h579ed51_0
  - libcxxabi=4.0.1=hebd6815_0
  - libedit=3.1.20170329=hb402a30_2
  - libffi=3.2.1=h475c297_4
  - libgfortran=3.0.1=h93005f0_2
  - libsodium=1.0.16=h3efe00b_0
  - mkl=2019.0=118
  - mkl_fft=1.0.4=py36h5d10147_1
  - mkl_random=1.0.1=py36h5d10147_1
  - ncurses=6.1=h0a44026_0
  - numpy=1.15.2=py36h6a91979_1
  - numpy-base=1.15.2=py36h8a80b8c_1
  - openssl=1.0.2p=h1de35cc_0
  - parso=0.3.1=py36_0
  - pexpect=4.6.0=py36_0
  - pickleshare=0.7.4=py36hf512f8e_0
  - pip=10.0.1=py36_0
  - prompt_toolkit=1.0.15=py36haeda067_0
  - ptyprocess=0.6.0=py36_0
  - pygments=2.2.0=py36h240cd3f_0
  - python=3.6.5=hc167b69_1
  - pyzmq=17.1.2=py36h1de35cc_0
  - readline=7.0=h1de35cc_5
  - scikit-learn=0.19.1=py36hf9f1f73_0
  - scipy=1.1.0=py36h28f7352_1
  - setuptools=40.2.0=py36_0
  - simplegeneric=0.8.1=py36_2
  - sqlite=3.24.0=ha441bb4_0
  - tk=8.6.8=ha441bb4_0
  - traitlets=4.3.2=py36h65bd3ce_0
  - wcwidth=0.1.7=py36h8c6ec74_0
  - wheel=0.31.1=py36_0
  - xz=5.2.4=h1de35cc_4
  - zeromq=4.2.5=h0a44026_1
  - zlib=1.2.11=hf3cbc9b_2
  - pip:
    - bitarray==0.8.3
    - future==0.16.0
    - nearpy==1.0.0
    - sparselsh==1.1.2
prefix: /anaconda2/envs/thesisCode

